
In [1]: W_times                                                                                                        
Out[1]: 
[387.303826252999,
 450.08510631600075,
 501.52607198999976,
 377.6902786710016,
 492.25935336899965,
 409.9984024460009,
 386.74715174800076,
 331.57782937200136,
 387.6457253440003,
 577.1744976810005,
 438.5416202739998,
 438.1701113479994,
 404.4917317210002,
 468.97304199000064,
 372.93565247100014,
 357.8684987759989,
 434.9046336600004,
 418.3448711199999,
 396.6347279520014,
 416.1682620319989,
 441.7309959619997,
 323.2764810849985,
 383.6185082510019,
 388.7519384650004,
 365.174032496001]

In [2]: V_times                                                                                                        
Out[2]: 
[23.026722887001597,
 24.615901921999466,
 23.90704373399967,
 23.432939066000472,
 24.6922547080012,
 24.080780782000147,
 23.413605120000284,
 24.249946816999,
 23.429978928999844,
 24.02160560700031,
 24.498838268998952,
 24.347842915,
 24.390320407999752,
 24.411755144999916,
 24.265662906000216,
 23.354160922999654,
 24.442651833998752,
 23.505005875998904,
 24.286837297000602,
 23.51106880899897,
 23.64169171499816,
 24.04436776199873,
 24.48952918899886,
 24.361234076000983,
 24.271984680999594]

In [3]: np.mean(W_times)                                                                                               
Out[3]: 414.06373403172023

In [4]: np.mean(V_times)                                                                                               
Out[4]: 24.027749255079762
